FR1,0,0,0
FR2,0,0,0
FR3,0,0,0
FR4,0,0,0
FR5,0,0,0
FR6,0,0,0
FR7,0,1,0
FR8,0,0,0
FR9,1,0,1
FR10,1,0,1
FR11,1,1,1
FR12,1,0,1
FR13,1,1,1
FR14,1,1,1
FR15,1,0,1
FR16,1,0,1
FR17,0,0,1
FR18,1,0,1
FR19,1,0,1
FR20,1,0,1
FR21,1,0,1
FR22,0,0,1
FR23,0,1,1
FR24,0,0,1
FR25,0,1,0
FR26,0,1,0
FR27,0,1,1
FR28,0,0,0
FR29,0,1,0
FR30,0,1,0
FR31,0,0,0
FR32,0,0,0
FR33,1,0,1
FR34,1,0,1
FR35,0,1,0
FR36,1,0,1
FR37,0,1,0
FR38,0,1,0
FR39,0,1,0
FR40,0,0,0
FR41,0,1,0
FR42,1,1,0
FR43,1,1,0
FR44,1,1,0
FR45,1,1,1
FR46,1,1,1
FR47,1,1,1
FR48,0,0,0
FR49,0,0,0
FR50,0,0,0
FR51,0,0,0
FR52,1,1,0
FR53,1,1,0
FR54,1,1,1
FR55,1,0,1
FR56,0,1,1
FR57,0,1,0
FR58,1,1,0
FR59,1,1,1
FR60,0,1,0
FR61,1,1,0
FR62,1,1,1
FR63,0,1,0
FR64,0,1,0
FR65,1,1,1
FR66,0,0,0
FR67,1,0,0
FR68,0,0,0
FR69,1,1,0
FR70,1,1,0
FR71,1,1,0
FR72,0,1,0
FR73,0,1,0
FR74,1,0,1
FR75,1,1,1
FR76,1,1,0
FR77,1,1,0
FR78,0,0,1
FR79,0,0,0
FR80,0,1,0
